ID,Time,Train_set_size,Test_set_size,convergence_epoch,training_acc,testing_acc
<<<<<<< HEAD
8,1,8000,2000,6,100.0,100.0
8,2,8000,2000,14,100.0,100.0
8,4,8000,2000,11,99.99750256538391,100.0
8,5,8000,2000,6,100.0,100.0
8,6,8000,2000,22,100.0,100.0
8,7,8000,2000,7,100.0,100.0
8,8,8000,2000,23,99.96916651725769,99.99666810035706
8,9,8000,2000,16,100.0,100.0
8,10,8000,2000,19,100.0,100.0
8,1,8000,2000,16,100.0,99.99666810035706
8,0,8000,2000,2,100.0,100.0
=======
8,0,8000,2000,6,100.0,100.0
>>>>>>> 724c0f2f4b204204cd7d2af960e00cb6b0388921
