ID,Time,Train_set_size,Test_set_size,convergence_epoch,training_acc,testing_acc
<<<<<<< HEAD
3,1,8000,2000,4,100.0,100.0
3,2,8000,2000,2,100.0,100.0
3,4,8000,2000,5,100.0,100.0
3,5,8000,2000,9,100.0,100.0
3,6,8000,2000,6,100.0,100.0
3,7,8000,2000,4,100.0,100.0
3,8,8000,2000,6,100.0,100.0
3,9,8000,2000,5,99.99750256538391,100.0
3,10,8000,2000,5,100.0,100.0
3,1,8000,2000,13,100.0,100.0
3,0,8000,2000,2,100.0,100.0
=======
3,0,8000,2000,3,100.0,100.0
>>>>>>> 724c0f2f4b204204cd7d2af960e00cb6b0388921
