ID,Time,Train_set_size,Test_set_size,convergence_epoch,training_acc,testing_acc
0,1,8000,2000,2,100.0,100.0
<<<<<<< HEAD
0,1,8000,2000,2,100.0,100.0
0,2,8000,2000,2,100.0,100.0
0,4,8000,2000,2,100.0,100.0
0,5,8000,2000,2,100.0,100.0
0,6,8000,2000,2,100.0,100.0
0,7,8000,2000,2,100.0,100.0
0,8,8000,2000,2,100.0,100.0
0,9,8000,2000,2,100.0,100.0
0,10,8000,2000,2,100.0,100.0
0,1,8000,2000,2,100.0,100.0
0,0,8000,2000,7,100.0,100.0
0,0,8000,2000,2,100.0,100.0
0,0,8000,2000,2,100.0,100.0
0,0,8000,2000,2,100.0,100.0
0,0,8000,2000,2,100.0,100.0
0,0,8000,2000,2,100.0,100.0
0,0,8000,2000,2,100.0,100.0
0,0,8000,2000,2,100.0,100.0
0,0,8000,2000,2,100.0,100.0
=======
0,8000,2000,2,100.0,100.0
0,8000,2000,2,100.0,100.0
>>>>>>> 724c0f2f4b204204cd7d2af960e00cb6b0388921
0,0,8000,2000,2,100.0,100.0
0,0,8000,2000,2,100.0,100.0