ID,Time,Train_set_size,Test_set_size,convergence_epoch,training_acc,testing_acc
<<<<<<< HEAD
2,1,8000,2000,4,100.0,100.0
2,2,8000,2000,13,100.0,100.0
2,4,8000,2000,2,100.0,100.0
2,5,8000,2000,2,100.0,100.0
2,6,8000,2000,3,100.0,100.0
2,7,8000,2000,8,100.0,100.0
2,8,8000,2000,3,100.0,100.0
2,9,8000,2000,6,100.0,100.0
2,10,8000,2000,6,100.0,100.0
2,1,8000,2000,2,100.0,100.0
2,0,8000,2000,9,100.0,100.0
=======
2,0,8000,2000,3,100.0,100.0
2,0,8000,2000,3,100.0,100.0
>>>>>>> 724c0f2f4b204204cd7d2af960e00cb6b0388921
